============================================================
  Generated by:           Encounter(R) RTL Compiler RC14.28 - v14.20-s067_1
  Generated on:           Mar 22 2018  02:22:27 pm
  Module:                 pipe_mac_top
  Technology library:     gscl45nm 
  Operating conditions:   typical (balanced_tree)
  Wireload mode:          enclosed
  Area mode:              timing library
============================================================

                                     Leakage    Dynamic     Total   
           Instance           Cells Power(nW)  Power(nW)  Power(nW) 
--------------------------------------------------------------------
pipe_mac_top                   1144 37513.446 320516.939 358030.384 
  dut_prg4b_bank_c              544 15668.371 106534.037 122202.408 
    prg_bank0                    34   979.273   6954.649   7933.923 
      ctr4                       18   756.826   4597.083   5353.909 
      comp4                      16   222.447   2357.566   2580.014 
        comp1                     2    49.307    424.785    474.092 
        comp2                     2    49.307    372.860    422.166 
        comp3                     2    49.307    388.191    437.498 
        comp0                     2    17.348    161.401    178.748 
    prg_bank1                    34   979.273   6600.387   7579.661 
      ctr4                       18   756.826   4597.083   5353.909 
      comp4                      16   222.447   2003.304   2225.752 
        comp1                     2    49.307    391.538    440.845 
        comp2                     2    49.307    372.860    422.166 
        comp3                     2    49.307    311.378    360.684 
        comp0                     2    17.348    184.638    201.985 
    prg_bank10                   34   979.273   6887.179   7866.452 
      ctr4                       18   756.826   4597.083   5353.909 
      comp4                      16   222.447   2290.096   2512.543 
        comp1                     2    49.307    424.785    474.092 
        comp2                     2    49.307    455.978    505.285 
        comp3                     2    49.307    326.740    376.047 
        comp0                     2    17.348    173.005    190.352 
    prg_bank11                   34   979.273   6827.895   7807.168 
      ctr4                       18   756.826   4597.083   5353.909 
      comp4                      16   222.447   2230.811   2453.259 
        comp1                     2    49.307    391.538    440.845 
        comp2                     2    49.307    389.483    438.790 
        comp3                     2    49.307    372.829    422.135 
        comp0                     2    17.348    173.019    190.367 
    prg_bank12                   34   979.273   6693.170   7672.443 
      ctr4                       18   756.826   4597.083   5353.909 
      comp4                      16   222.447   2096.086   2318.534 
        comp1                     2    49.307    424.785    474.092 
        comp2                     2    49.307    372.860    422.166 
        comp3                     2    49.307    357.466    406.772 
        comp0                     2    17.348    149.771    167.118 
    prg_bank13                   34   979.273   7062.369   8041.643 
      ctr4                       18   756.826   4597.083   5353.909 
      comp4                      16   222.447   2465.286   2687.734 
        comp1                     2    49.307    391.538    440.845 
        comp2                     2    49.307    455.978    505.285 
        comp3                     2    49.307    360.107    409.414 
        comp0                     2    17.348    196.256    213.604 
    prg_bank14                   34   979.273   6455.998   7435.271 
      ctr4                       18   756.826   4597.083   5353.909 
      comp4                      16   222.447   1858.915   2081.362 
        comp1                     2    49.307    391.538    440.845 
        comp2                     2    49.307    308.367    357.673 
        comp3                     2    49.307    360.107    409.414 
        comp0                     2    17.348    149.759    167.107 
    prg_bank15                   34   979.273   6466.470   7445.743 
      ctr4                       18   756.826   4597.083   5353.909 
      comp4                      16   222.447   1869.387   2091.834 
        comp1                     2    49.307    358.291    407.597 
        comp2                     2    49.307    389.483    438.790 
        comp3                     2    49.307    326.740    376.047 
        comp0                     2    17.348    149.170    166.518 
    prg_bank2                    34   979.273   6629.095   7608.368 
      ctr4                       18   756.826   4597.083   5353.909 
      comp4                      16   222.447   2032.012   2254.459 
        comp1                     2    49.307    326.729    376.036 
        comp2                     2    49.307    341.614    390.920 
        comp3                     2    49.307    372.829    422.136 
        comp0                     2    17.348    196.256    213.604 
    prg_bank3                    34   979.273   6873.733   7853.006 
      ctr4                       18   756.826   4597.083   5353.909 
      comp4                      16   222.447   2276.650   2499.097 
        comp1                     2    49.307    408.162    457.468 
        comp2                     2    49.307    372.860    422.166 
        comp3                     2    49.307    388.192    437.498 
        comp0                     2    17.348    184.638    201.985 
    prg_bank4                    34   979.273   6459.115   7438.388 
      ctr4                       18   756.826   4597.083   5353.909 
      comp4                      16   222.447   1862.032   2084.479 
        comp1                     2    49.307    374.914    424.221 
        comp2                     2    49.307    308.367    357.673 
        comp3                     2    49.307    314.018    363.324 
        comp0                     2    17.348    184.669    202.016 
    prg_bank5                    34   979.273   6453.503   7432.776 
      ctr4                       18   756.826   4597.083   5353.909 
      comp4                      16   222.447   1856.420   2078.867 
        comp1                     2    49.307    408.162    457.468 
        comp2                     2    49.307    372.860    422.167 
        comp3                     2    49.307    329.381    378.688 
        comp0                     2    17.348    184.638    201.985 
    prg_bank6                    34   979.273   6425.158   7404.431 
      ctr4                       18   756.826   4597.083   5353.909 
      comp4                      16   222.447   1828.075   2050.522 
        comp1                     2    49.307    424.785    474.092 
        comp2                     2    49.307    374.861    424.168 
        comp3                     2    49.307    372.829    422.135 
        comp0                     2    17.348     91.690    109.037 
    prg_bank7                    34   979.273   6572.843   7552.116 
      ctr4                       18   756.826   4597.083   5353.909 
      comp4                      16   222.447   1975.760   2198.207 
        comp1                     2    49.307    374.915    424.221 
        comp2                     2    49.307    422.731    472.037 
        comp3                     2    49.307    342.103    391.410 
        comp0                     2    17.348    138.164    155.511 
    prg_bank8                    34   979.273   6824.309   7803.582 
      ctr4                       18   756.826   4597.083   5353.909 
      comp4                      16   222.447   2227.226   2449.673 
        comp1                     2    49.307    408.162    457.468 
        comp2                     2    49.307    389.483    438.790 
        comp3                     2    49.307    388.192    437.498 
        comp0                     2    17.348    149.771    167.118 
    prg_bank9                    34   979.273   6348.164   7327.437 
      ctr4                       18   756.826   4597.083   5353.909 
      comp4                      16   222.447   1751.081   1973.528 
        comp1                     2    49.307    276.858    326.164 
        comp2                     2    49.307    372.860    422.167 
        comp3                     2    49.307    329.381    378.688 
        comp0                     2    17.348    149.782    167.130 
  dut_ctr_out                   348 14495.258 130070.182 144565.440 
    csa_tree_a..83_129_groupi    60  2386.042  28175.459  30561.501 
    stoch2bin_0                  18   756.826   6348.616   7105.442 
    stoch2bin_1                  18   756.826   6458.277   7215.103 
    stoch2bin_10                 18   756.826   6776.700   7533.526 
    stoch2bin_11                 18   756.826   6695.624   7452.449 
    stoch2bin_12                 18   756.826   6411.584   7168.410 
    stoch2bin_13                 18   756.826   6411.487   7168.313 
    stoch2bin_14                 18   756.826   6117.403   6874.229 
    stoch2bin_15                 18   756.826   5978.533   6735.359 
    stoch2bin_2                  18   756.826   6351.294   7108.120 
    stoch2bin_3                  18   756.826   6322.313   7079.139 
    stoch2bin_4                  18   756.826   6430.267   7187.093 
    stoch2bin_5                  18   756.826   6189.907   6946.733 
    stoch2bin_6                  18   756.826   6217.600   6974.426 
    stoch2bin_7                  18   756.826   6480.735   7237.561 
    stoch2bin_8                  18   756.826   6323.460   7080.286 
    stoch2bin_9                  18   756.826   6380.924   7137.750 
  dut_sr_a                       68  2408.453  22147.999  24556.451 
  dut_sr_b                       68  2408.453  22166.072  24574.525 
  dut_prg4b_a                    34   979.273   8421.723   9400.996 
    ctr4                         18   756.826   5994.685   6751.511 
    comp4                        16   222.447   2427.038   2649.485 
      comp1                       2    49.307    435.324    484.631 
      comp2                       2    49.307    447.476    496.782 
      comp3                       2    49.307    488.484    537.790 
      comp0                       2    17.348    149.782    167.130 
  dut_prg4b_b                    34   979.273   8263.285   9242.559 
    ctr4                         18   756.826   5994.685   6751.511 
    comp4                        16   222.447   2268.600   2491.047 
      comp1                       2    49.307    451.961    501.268 
      comp2                       2    49.307    514.021    563.328 
      comp3                       2    49.307    398.978    448.284 
      comp0                       2    17.348    125.524    142.872 
  dut_scale_add                  32   324.671   9757.658  10082.329 
  dut_pipe_mul                   16   249.694   1709.508   1959.202 

